8.937176533 9.677562726 4.552572621
27.04307503 12.52163687 13.66507074
24.84940357 4.61893926 -21.69068314
18.12537682 -7.39410546 12.83430416
36.13978241 13.09819758 -25.74895014
49.27705545 -23.61927679 0.025045521
32.25347595 30.31359509 40.47723644
17.58981021 19.94692557 -38.00251491
30.52773139 37.13297734 15.55086468
11.35219726 15.105356 -15.22265926
51.7126146 -21.30351355 51.70967351
47.99433856 3.254824178 49.69455329
9.529583178 16.48012753 -30.19642059
27.24711344 -24.95905105 21.27153583
26.34953935 38.78696766 29.30148322
55.71542279 -13.61862201 59.61069732
36.24864601 40.10013258 -7.890681035
33.72750252 -3.440403424 -28.38647438
54.21746878 -0.102564219 -1.158162593
46.88251665 1.300630263 0.240269789
46.36510541 2.760336147 -1.048001626
28.69476576 3.118468566 -1.773139991
13.23016836 4.639150436 -3.365736974
2.822800926 0.650433719 -2.164699819
