37.84933758 12.71729252 14.07244966
65.43349461 17.17598935 17.21435862
50.14761499 -1.907631757 -21.79152695
43.16557137 -15.07817851 22.43773319
55.3986624 11.57615729 -25.05552282
70.92470823 -33.22372997 0.292181824
62.05955257 33.37441482 56.24055262
40.59319174 16.15377377 -45.13662631
50.57802558 47.55352948 15.16603597
30.51247828 25.11230007 -21.74453819
72.31194678 -27.8426886 57.83472028
71.42863063 15.49709768 67.80245144
29.45802691 20.73852577 -49.33796665
55.25869278 -41.23459418 32.03201599
41.52973404 52.66528107 26.92258432
81.08189897 -0.331312194 80.10439928
51.74114973 51.25619621 -15.47601108
52.40723295 -18.45551667 -26.63792693
96.48756627 -0.351224384 0.959950599
81.17304839 -0.686350217 -0.241090822
66.83635389 -0.713957417 -0.250618604
50.85621478 0.201540545 -0.54630723
35.60870519 -0.361645519 -1.444706976
20.395307 0.474948276 -1.270643087
